0
001 0 1 male1 10
002 0 2 duze2 50
003 0 3 zloto3 100
004 0 4 puste4 0
005 0 5 srebrne5 75
006 0 6 piesek6 12
007 0 7 male7 10
008 0 8 duze8 50
009 0 9 zloto9 100
010 0 10 puste10 0
011 0 11 srebrne11 75
012 0 12 duze12 50
013 0 11 zloto13 100
014 0 1 puste14 0
015 0 2 srebrne15 75
016 0 3 duze16 50
017 0 4 zloto17 100
018 0 5 puste18 0
019 0 6 srebrne19 75
020 0 7 dudsze20 50
021 0 8 zloto21 100
022 0 9 puste22 0
023 0 10 srebrne23 75
024 0 12 duze24 50
025 0 11 zlodsto25 100
026 0 1 pusssste26 0
027 0 2 srebrne27 75
028 0 3 duze28 50
029 0 3 zloto29 100
030 0 3 pussate30 0
031 0 4 srebrne31 75
032 0 5 duze32 50
033 0 6 zloto33 100
034 0 6 pustsadase34 0
035 0 7 srebdsrne35 75
036 0 8 duze36 50
037 0 9 zloto37 100
038 0 10 puse32asdte38 0
039 0 10 srebrne39 75
040 0 10 duze40 50
041 0 11 zloto41 100
042 0 12 pus432te42 0
043 0 1 sree23brne43 75
044 0 1 du3e23ze44 50
045 0 2 zloto45 100
046 0 6 pus43te46 0
047 0 7 sre2brne47 75
048 0 7 duz23e48 50
049 0 6 zlotewro49 100
050 0 7 pufdsste50 0